% data file
n=5000;
EPSILON = 0.001;
MU = 50;
xcor=[0.98918588;
0.95836039;
1.00313331;
1.00719191;
0.97133822;
1.02977289;
1.02972911;
0.99905917;
1.00818231;
1.00436598;
0.99533229;
1.01814476;
0.98529209;
1.05457965;
0.99659010;
1.00284828;
1.02666921;
1.00148204;
0.99760879;
0.97919126;
1.00736027;
0.96659545;
1.01785811;
1.04058905;
0.98270561;
1.02144992;
1.03135004;
0.96015676;
0.96397589;
1.01427869;
0.99000286;
1.01724993;
1.02039056;
1.01779771;
1.03225624;
1.01671501;
1.02977095;
0.96993857;
0.99950526;
0.99608207;
0.95989786;
1.00643261;
0.97358818;
1.03537854;
0.97987274;
1.01321858;
1.00548302;
0.97695246;
0.94573314;
0.99852030;
0.97473416;
1.01536158;
1.01269352;
1.04231075;
1.01478206;
0.98391012;
1.00950843;
0.97477211;
0.99951223;
0.99879448;
1.00000108;
0.99205351;
1.02737509;
0.95315024;
1.01070458;
1.02239096;
1.01827393;
1.01444643;
1.00100785;
1.01692723;
1.01422251;
0.99360886;
0.99056328;
0.99260282;
0.96312164;
0.99414990;
1.00296112;
1.00787023;
1.03608771;
0.99122563;
1.01558085;
1.01997622;
1.02352225;
0.97519771;
1.00530088;
1.00594705;
0.97480592;
0.98144888;
1.02705737;
0.99671251;
1.00974701;
1.00219968;
0.98411337;
0.98601067;
1.01109134;
0.97625241;
1.01952954;
1.01422402;
0.97945714;
0.99335983;
0.97030557;
0.94494198;
1.02465843;
0.98703412;
1.00818419;
1.00585143;
1.00053665;
0.97490139;
0.97632135;
0.99063927;
0.97035284;
0.97360243;
1.03681200;
1.00139360;
0.96956706;
0.99896932;
0.97179140;
0.96626806;
0.99347246;
1.02383664;
1.00321611;
1.01641169;
0.97080452;
0.98848487;
0.99343900;
0.96967120;
0.96701408;
1.02328044;
1.00028112;
0.98387135;
1.02014322;
1.00579065;
0.97525601;
1.03348964;
1.00723755;
1.03697293;
1.02845070;
0.98289654;
0.96770160;
0.99817684;
0.99173503;
0.97890931;
1.01244424;
1.03721226;
0.98633810;
0.97883105;
0.99384159;
1.01657560;
0.97864507;
0.96996713;
0.99700326;
0.99836765;
1.01213239;
0.98511273;
0.99625831;
0.98913120;
0.99801674;
1.03837881;
0.98483793;
0.96631593;
1.01173458;
0.97741083;
1.00089699;
0.98431172;
1.01338495;
1.01382209;
0.99490774;
0.94864188;
1.00331402;
1.03982352;
1.02546029;
0.96048994;
0.99803345;
0.98295858;
0.97438617;
0.96914116;
1.00722018;
0.98926742;
1.00139503;
0.99080316;
0.98837567;
1.00927401;
1.01820707;
1.05280400;
0.96606756;
0.97443475;
1.02594585;
0.99025501;
0.96546836;
1.00788857;
1.03883106;
1.01769735;
1.04893462;
1.01261356;
1.04661323;
0.99150471;
0.97150551;
0.99472191;
1.02975612;
0.97209478;
1.01588185;
0.98496470;
1.01377962;
0.97250399;
1.00214976;
0.94988592;
0.98767280;
1.01155120;
0.99197488;
1.03091389;
0.98421801;
0.94186972;
0.96920909;
1.02639121;
0.99716940;
1.00948059;
1.02360499;
0.94698933;
0.98388303;
0.98239246;
0.97454657;
0.99544795;
1.03802533;
0.99903903;
1.03068620;
0.98259488;
1.00018811;
0.98042767;
1.01467346;
0.99371982;
1.01200340;
1.01670388;
0.99804197;
1.02222932;
1.05773219;
1.01311597;
0.99970532;
1.02282852;
1.00139852;
0.97232325;
1.01213744;
0.99987487;
0.99309455;
1.03191131;
1.04658502;
0.98693602;
1.00258561;
0.97980877;
1.01701096;
0.94088525;
1.02475287;
1.00547248;
1.00654156;
1.03033611;
0.99313333;
0.99667164;
0.96823749;
0.95840984;
0.98241114;
1.00702201;
0.98646977;
0.96666173;
1.02681716;
0.98219786;
0.99971786;
0.99997957;
0.99376409;
1.00991438;
0.99339967;
0.95839973;
0.97427562;
1.00607737;
0.96858525;
0.99132042;
0.97646570;
0.97063599;
0.97447146;
0.98995833;
1.00434164;
0.99709704;
1.02660298;
0.99386534;
0.96206152;
1.00024335;
1.00178432;
1.00791340;
1.01249564;
1.03195210;
0.98630460;
1.00652021;
0.99967058;
0.98549340;
1.05340771;
0.99355957;
0.96476179;
1.04425252;
1.00813865;
0.97202401;
1.01550875;
1.03174455;
0.97759894;
1.00337939;
0.99652400;
0.97091512;
1.02959299;
0.99961426;
1.01340547;
0.98208928;
0.98361102;
1.00785907;
1.00267035;
1.04620541;
0.99312236;
1.05531385;
1.03771314;
0.95137304;
0.95798643;
0.98566165;
0.99535459;
1.00022335;
1.02092375;
0.98194323;
0.98196274;
0.99497048;
0.99948840;
1.00697225;
1.02645737;
1.01554183;
0.95623462;
1.01743369;
1.02028715;
1.01590862;
1.03275201;
1.00817744;
0.98317517;
0.99626681;
0.93877456;
1.01183214;
1.00292364;
0.98522240;
0.98363231;
0.97298345;
0.99880673;
1.00948361;
0.99174097;
0.98750254;
0.99910053;
0.99563099;
0.97606837;
1.03231370;
1.01102274;
1.03202352;
0.98755675;
0.97203208;
1.02019124;
1.00102999;
0.98109478;
0.99777177;
0.94977874;
1.02709795;
0.97547024;
0.98278778;
1.03348699;
0.97726892;
0.98967856;
0.98734592;
1.04049369;
1.00202252;
0.97297359;
0.97188705;
1.04339191;
1.04843646;
1.04087671;
0.96860150;
0.99466156;
0.99502670;
1.00768748;
0.98569186;
0.97555879;
0.98882976;
1.02705230;
1.05931620;
1.00573221;
0.99333442;
1.01754180;
0.98781024;
1.04656199;
1.02767128;
0.96931086;
0.98325287;
1.03352324;
1.00970208;
1.00982647;
0.95731666;
1.00569647;
1.01714082;
0.98408025;
0.97493486;
0.99535948;
0.97364918;
0.99821151;
1.00697996;
1.03433188;
1.00449603;
0.98644959;
1.04085476;
1.02063038;
1.00576903;
1.01679085;
0.98729805;
1.02140879;
1.00671259;
1.01562438;
0.97381655;
1.03839176;
1.01086064;
0.95207160;
1.01174849;
1.03185878;
1.01596356;
1.03451956;
1.03299607;
0.97726427;
0.94235987;
1.04471826;
1.00976995;
1.00050809;
0.98985057;
0.96162764;
1.00553433;
0.96563803;
0.97901786;
0.99478394;
1.01889782;
1.00939336;
0.96636468;
1.03704691;
1.00081840;
1.04676132;
0.96977524;
0.98043420;
0.98081754;
0.99732000;
0.97557358;
0.97590030;
0.94052069;
0.97904530;
1.00643364;
0.99540415;
2.42100355;
2.42226921;
2.42940613;
2.41266377;
2.40756702;
2.43789804;
2.41467089;
2.43092226;
2.40120650;
2.42154286;
2.44380738;
0.97773760;
1.00347655;
0.99409639;
0.99811352;
0.99103570;
0.94805913;
0.99641136;
1.03483354;
1.01629510;
0.99057166;
0.98346392;
1.00622395;
0.99041210;
0.98678800;
1.00138471;
1.03134421;
0.93699991;
1.01462140;
0.97479839;
1.02360712;
0.93940107;
0.99440421;
1.00145175;
0.98938465;
0.99492705;
0.96217308;
0.97184120;
0.97962495;
1.00916536;
0.98534733;
1.03843523;
1.00350179;
0.95343083;
0.98864517;
0.98369815;
1.00258295;
0.99448421;
0.99302392;
0.98165845;
0.99838666;
0.96389990;
1.01530851;
0.96691243;
0.98346058;
0.99634714;
1.00620212;
0.99808419;
1.04345425;
1.04054930;
1.01566090;
1.00229534;
0.97980982;
0.98846657;
0.96485077;
0.99063676;
0.98822722;
1.04378239;
1.01883062;
1.00162473;
0.99268089;
1.00207057;
1.01915479;
1.05592125;
1.00817217;
1.02158260;
1.01698467;
1.01386894;
1.02504076;
1.03148413;
1.00110378;
0.99214656;
1.00566769;
1.02491730;
1.03039779;
0.98643244;
1.02280571;
0.99569647;
0.99160113;
1.01353717;
1.02330278;
0.98574368;
0.96253487;
0.99874136;
1.01382562;
1.00208745;
1.03943809;
0.99173064;
1.01987887;
0.98038000;
0.96842196;
1.01666637;
0.96518419;
0.96748594;
0.98487445;
0.96278589;
1.01396357;
0.99306614;
0.96765788;
0.97778912;
0.97533700;
0.99820956;
0.93963523;
0.98264127;
0.96521527;
1.00824119;
1.01496361;
1.00367938;
0.99746403;
0.93412548;
1.00070134;
0.97809225;
0.99336306;
0.99181055;
0.97104381;
1.01450133;
1.00599389;
0.99122788;
1.02230246;
1.03945747;
0.97229565;
0.99935172;
0.97223431;
1.01877085;
1.01250418;
0.98706848;
0.98601976;
0.98116573;
1.02314532;
0.99378699;
0.99625414;
0.96853962;
1.00781550;
1.06725692;
1.00724241;
0.96442992;
1.00616964;
0.96410568;
1.00371433;
0.95767319;
1.01797971;
1.02854432;
1.03879841;
1.03459075;
0.98104769;
1.01106657;
1.02277745;
0.97314786;
1.00504405;
1.01907158;
0.96779532;
0.97617595;
1.01945436;
0.99984172;
1.01311217;
1.03410679;
1.01205098;
0.98032335;
1.01879998;
0.99582780;
0.97959430;
1.05235163;
1.00200381;
0.97656762;
1.01589347;
1.04205070;
1.01484085;
1.01975382;
1.00263135;
0.99603554;
1.02177269;
0.99513103;
1.00188686;
0.98683413;
0.98286289;
0.99329031;
0.97029135;
1.00621447;
1.00256129;
0.99897483;
0.94381044;
0.98723059;
1.00623107;
1.00922992;
1.00447992;
0.99906791;
0.95991725;
1.00848430;
0.99672163;
1.01212974;
1.01496877;
0.99784923;
1.00813230;
0.99162142;
0.99193877;
0.99044065;
0.97616573;
1.00583939;
1.03088112;
0.98553671;
0.98746157;
1.01807159;
1.00098746;
