% clearing-data.jl
%
% Data for the market clearing problem.

% Number of banks/entities.
n = 7;
L1 =  [0. 90 0 3 79 0 0;
       57 0 69 37 0 94 56;
       79 53 0 0 0 0 0;
       0 0 1 0 0 73 20;
       0 0 42 0 0 0 90;
       0 34 0 0 13 0 0;
       38 0 0 94 85 22 0];

c1 = [10., 146, 30, 10, 10, 10, 83];