% data for ellipsoidal peeling problem.

X = [...
   -10.29   37.289
   1.9409   0.0079   
   1.2120   1.2379   
   -0.0078   0.2580   
   2.0823   0.8685   
   1.3899   1.0880   
   0.3645   0.4404   
   1.4437   0.0501   
   1.7812   1.5690   
   0.1783   0.7344   
   -0.1878   -1.2023   
   1.9863   0.4814   
   1.3274   1.2341   
   1.0215   -0.0039   
   0.0529   0.6256   
   -0.1859   -0.0559   
   2.4725   1.0557   
   -0.2173   0.9588   
   -0.1283   -0.3493   
   0.7389   1.9535   
   1.1286   1.6565   
   -0.1678   0.5394   
   0.7376   -0.2132   
   -0.3194   1.9312   
   1.0112   0.3549   
   1.8057   1.2316   
   0.0102   2.3396   
   1.2895   2.4789   
   2.1380   0.3159   
   -0.2919   0.9271   
   0.6694   0.1564   
   8.4665   23.3274   
   -7.1971   -11.7014   
   -11.8130   -17.0197   
   -0.1900   24.0273   
]';
