% data for ellipsoidal peeling problem.

data = [...
   0.5674   -0.6656   
   1.1253   1.2877   
   -0.1465   2.1909   
   2.1892   0.9624   
   1.3273   1.1746   
   0.8133   1.7258   
   0.4117   3.1832   
   0.8636   1.1139   
   2.0668   1.0593   
   0.9044   0.1677   
   1.2944   -0.3362   
   1.7143   2.6236   
   0.3082   1.8580   
   2.2540   -0.5937   
   -0.4410   1.5711   
   0.6001   1.6900   
   1.8156   1.7119   
   2.2902   1.6686   
   2.1908   -0.2025   
   0.9802   0.8433   
   -0.6041   1.2573   
   -0.0565   2.4151   
   0.1949   1.5287   
   1.2193   0.0781   
   -1.1707   0.9408   
   -0.0106   1.6145   
   1.5077   2.6924   
   1.5913   0.3564   
   1.3803   -0.0091   
   0.9805   0.9518   
   17.4251   -27.1099   
   -21.1270   -2.5101   
   22.6526   -4.2646   
   10.3485   12.9857   
]';
