function [A,b] = ex46data


% [A,b] = ex46data;
%
% Data for exercise 46.
%

A = [ 0.0918    0.0828   -0.3141   -0.5703    0.6667;
     -0.8076    0.7662    0.2267   -1.4986   -1.3926;
     -0.4613    2.2368    0.9967   -0.0503   -1.3006;
     -1.4060    0.3269    1.2159    0.5530   -0.6050;
     -0.3745    0.8633   -0.5427    0.0835   -1.4886;
     -0.8321   -0.0285    0.5367    1.5787    1.1360;
      1.3901   -0.1531   -0.5477   -0.3296    0.3001;
      0.3921    0.2938   -0.7115    0.7964   -0.7162;
     -0.2962    0.5515    0.1659   -0.7836   -0.3109;
     -0.6539   -0.6637    0.5566   -1.2619   -0.4090 ];
   
b = [-0.9569;
      1.7059;
     -2.4213;
     -1.0848;
      0.4590;
     -1.3909;
      0.3401;
      0.9455;
      1.6733;
      3.4320 ];

