T = 7*24*12;

p = [ ...
         -0.000800
         0.001000
         0.001000
         0.001000
         0.001000
         0.001000
         0.001000
         0.001000
         0.001000
         0.001000
         -0.000421
         -0.000421
         0.001000
         0.001000
         0.001000
         -0.000895
         0.000053
         0.001000
         0.001000
         0.001000
         0.001000
         0.001000
         0.001000
         0.001000
         0.001000
         0.001000
         0.001000
         0.001200
         0.002789
         0.001316
         0.002579
         0.001000
         0.001000
         0.001700
         0.002300
         0.001000
         0.001000
         0.001000
         0.001000
         0.002158
         0.001800
         0.001000
         0.002263
         0.003000
         0.001526
         0.002579
         0.001316
         0.002700
         0.001300
         0.001000
         0.001000
         0.001000
         0.001053
         0.001800
         0.000000
         -0.000105
         -0.001632
         0.000474
         0.044947
         0.152105
         0.346800
         0.807400
         1.982895
         4.412004
         4.215500
         4.554770
         14.967692
         19.170000
         23.110001
         25.836000
         29.260000
         31.280001
         45.540001
         50.776665
         62.610001
         79.110001
         89.300003
         116.400002
         137.600006
         160.800003
         185.199997
         217.500000
         239.199997
         275.500000
         308.349976
         342.200012
         375.500000
         405.600006
         445.600006
         478.899994
         519.599976
         553.599976
         589.099976
         624.799988
         660.200012
         698.300049
         733.000000
         767.700012
         797.799988
         829.000000
         853.000000
         894.000000
         921.000000
         956.000000
         988.000000
         1005.000000
         1048.000000
         1077.000000
         1118.000000
         1135.000000
         1160.000000
         1187.000000
         1225.000000
         1236.000000
         1248.000000
         1278.000000
         1322.000000
         1332.000000
         1355.000000
         1373.000000
         1399.000000
         1414.000000
         1425.000000
         1457.000000
         1475.000000
         1483.000000
         1500.000000
         1542.000000
         1531.000000
         1542.500000
         1559.000000
         1563.000000
         1593.000000
         1585.000000
         1598.000000
         1608.000000
         1611.000000
         1614.000000
         1631.000000
         1636.333374
         1635.000000
         1638.000000
         1644.000000
         1620.000000
         1654.000000
         1674.000000
         1664.000000
         1648.000000
         1662.000000
         1663.000000
         1637.000000
         1644.333374
         1634.000000
         1625.000000
         1636.000000
         1588.000000
         1613.000000
         1598.000000
         1618.000000
         1585.000000
         1576.000000
         1555.000000
         1546.000000
         1539.000000
         1515.000000
         1487.000000
         1502.000000
         1464.000000
         1454.000000
         1449.000000
         1427.000000
         1420.000000
         1382.000000
         1365.000000
         1357.000000
         1319.000000
         1302.000000
         1269.000000
         1250.000000
         1221.000000
         1195.666626
         1165.000000
         1147.000000
         1124.000000
         1094.000000
         1049.000000
         1023.000000
         1011.000000
         978.000000
         946.000000
         923.000000
         878.000000
         860.000000
         818.000000
         781.000000
         746.599976
         720.200012
         684.000000
         642.700012
         616.099976
         569.799988
         540.966675
         504.600006
         473.299988
         435.100006
         403.200012
         372.700012
         342.000000
         306.700012
         276.899994
         240.300003
         214.399994
         185.750000
         160.199997
         131.300003
         115.900002
         88.449997
         82.300003
         65.503334
         54.299999
         46.070000
         41.105000
         37.474998
         32.459995
         26.070000
         23.120001
         20.590000
         17.717501
         14.550000
         11.650000
         5.252000
         5.313000
         4.189167
         0.512800
         0.239200
         0.141632
         0.072684
         0.027263
         0.010200
         0.002000
         -0.000632
         -0.001000
         -0.002474
         -0.001421
         -0.001000
         -0.001000
         -0.001000
         0.000789
         -0.000895
         0.001000
         -0.001000
         -0.001000
         -0.001000
         -0.001000
         -0.000684
         0.000368
         -0.001211
         0.001000
         0.001000
         0.001000
         0.001000
         0.001000
         0.001000
         0.001000
         0.001000
         0.001000
         0.001000
         0.002263
         0.001632
         0.001000
         0.002579
         0.001316
         0.001000
         0.001000
         0.001000
         0.001000
         0.003000
         0.001105
         0.002800
         0.001000
         0.001211
         0.003000
         0.002579
         0.001526
         0.002368
         0.001000
         0.001700
         0.002263
         0.001842
         0.002053
         0.001000
         0.002158
         0.001800
         0.001000
         0.002263
         0.001632
         0.001000
         0.001000
         0.001000
         0.001000
         0.002700
         0.001211
         0.002895
         0.001000
         0.003000
         0.002800
         0.001200
         0.003000
         0.003000
         0.003000
         0.002474
         0.001632
         0.003000
         0.003000
         0.002263
         0.001842
         0.003000
         0.004053
         0.003842
         0.003000
         0.003000
         0.003000
         0.003000
         0.003000
         0.003000
         0.003000
         0.003000
         0.003000
         0.003000
         0.003000
         0.003000
         0.004895
         0.003200
         0.005000
         0.004789
         0.003316
         0.004579
         0.003000
         0.003632
         0.004300
         0.002650
         0.002368
         0.001737
         -0.001895
         -0.009263
         -0.011105
         0.027000
         0.163800
         0.401316
         0.937316
         2.076053
         8.589999
         3.914684
         3.993842
         17.120001
         20.350000
         23.049999
         25.850000
         28.155001
         31.400000
         46.347500
         51.709999
         62.684998
         75.970001
         91.199997
         120.199997
         141.800003
         168.050003
         186.500000
         221.000000
         251.460007
         286.500000
         318.200012
         352.799988
         387.799988
         424.500000
         459.299988
         497.600006
         534.299988
         574.200012
         611.599976
         648.500000
         684.599976
         713.500000
         751.099976
         787.400024
         825.000000
         861.000000
         894.000000
         926.000000
         977.000000
         989.000000
         1007.000000
         1047.000000
         1085.000000
         1113.000000
         1127.000000
         1166.000000
         1191.000000
         1218.000000
         1248.000000
         1270.000000
         1293.000000
         1318.000000
         1331.000000
         1356.500000
         1381.000000
         1402.000000
         1418.000000
         1439.000000
         1473.000000
         1495.000000
         1508.000000
