n = 50; 
N = 50; 
M = 50; 
% X is a nxN matrix; Y is a nxM matrix 
X = [ 13.2 	-0.6 	10.9 	10.5 	12.0 	17.3 	18.7 	14.9 	16.9 	14.2 	15.8 	16.4 	6.3 	9.1 	17.2 	11.7 	10.2 	12.2 	8.7 	18.0 	11.8 	21.9 	23.7 	12.5 	14.0 	9.2 	20.3 	19.9 	13.3 	4.5 	22.8 	17.0 	13.4 	18.7 	17.6 	6.3 	12.4 	11.0 	12.6 	15.7 	21.7 	22.3 	18.2 	7.9 	21.3 	9.1 	4.7 	17.9 	18.5 	21.8 	; ... 
24.1 	14.7 	11.6 	12.2 	-6.4 	16.3 	10.6 	16.3 	9.1 	9.3 	11.0 	18.5 	9.9 	11.2 	11.6 	13.3 	5.8 	6.1 	13.6 	13.3 	-2.8 	3.7 	5.6 	7.4 	7.5 	-2.1 	3.1 	-5.5 	11.3 	11.5 	4.8 	7.9 	10.3 	21.9 	27.0 	3.0 	9.6 	7.1 	7.1 	-4.8 	10.2 	20.9 	10.9 	0.1 	22.2 	3.5 	5.1 	16.4 	13.5 	9.5 	; ... 
11.3 	5.4 	-0.5 	15.0 	1.7 	6.0 	-6.7 	4.9 	13.4 	0.3 	0.4 	-6.5 	5.2 	12.5 	9.0 	9.9 	11.4 	-2.1 	8.8 	2.3 	0.7 	-4.3 	16.7 	-1.7 	15.0 	8.0 	8.7 	4.6 	5.5 	19.3 	1.6 	1.8 	12.2 	-5.6 	-1.9 	9.4 	4.0 	19.9 	6.8 	-10.2 	9.9 	-4.6 	10.5 	4.0 	4.7 	4.5 	2.2 	4.8 	-0.6 	21.3 	; ... 
8.7 	0.3 	18.7 	10.5 	16.8 	1.1 	-6.9 	12.9 	10.4 	-0.2 	9.1 	7.2 	11.1 	-6.8 	14.6 	10.8 	14.7 	21.0 	17.5 	0.8 	7.4 	17.6 	3.6 	13.0 	16.5 	12.2 	12.7 	7.6 	18.9 	11.3 	4.3 	8.7 	2.0 	0.3 	6.4 	15.4 	-7.6 	12.2 	9.7 	11.3 	-0.2 	3.8 	12.5 	10.9 	3.0 	25.6 	7.7 	1.0 	5.3 	3.0 	; ... 
-17.4 	-18.8 	-8.0 	-20.5 	3.2 	-15.0 	-10.1 	-14.5 	-6.3 	-14.7 	-21.2 	-23.8 	-15.7 	-14.6 	-27.6 	-6.2 	-15.0 	-15.5 	-7.6 	-3.6 	-13.7 	-16.0 	-8.0 	-25.7 	-4.8 	-9.6 	-18.0 	-12.5 	-11.1 	-4.9 	-0.4 	-3.4 	-10.4 	-17.3 	-3.4 	-7.7 	-1.5 	-8.4 	4.8 	-27.6 	-13.8 	-5.2 	-11.7 	-10.7 	-9.4 	-18.8 	-15.5 	-16.5 	-13.9 	-1.6 	; ... 
7.0 	8.3 	9.3 	-7.0 	2.8 	10.8 	-11.0 	-2.8 	-8.1 	-13.6 	-11.4 	10.2 	-10.7 	-0.2 	-1.8 	-6.9 	8.4 	-6.8 	-17.9 	-7.6 	-12.2 	-3.7 	-11.6 	-4.5 	-5.6 	7.7 	10.0 	9.6 	-10.6 	7.0 	0.4 	3.2 	7.5 	2.9 	4.5 	-0.2 	11.4 	-8.9 	-16.1 	14.0 	9.5 	-6.4 	-15.2 	-5.6 	3.7 	5.6 	2.6 	6.3 	3.5 	6.4 	; ... 
-8.9 	-15.8 	-8.8 	-9.4 	-11.0 	-13.8 	-5.4 	-2.8 	-11.0 	-12.0 	-9.1 	-6.2 	-18.3 	-9.2 	-12.3 	-14.9 	-12.6 	-7.9 	-9.3 	-12.6 	-22.7 	-17.4 	-14.0 	-7.7 	-11.0 	-22.9 	-10.4 	-9.1 	-17.5 	-16.8 	-5.7 	-12.9 	-10.6 	-2.9 	-20.1 	-18.7 	-14.0 	-20.2 	-18.7 	-10.0 	-5.0 	-25.3 	-6.7 	-12.0 	-14.9 	-8.2 	-11.5 	-12.8 	-20.3 	-15.9 	; ... 
-18.8 	-13.5 	-10.7 	-22.1 	-24.4 	-6.6 	-18.8 	-21.0 	-8.0 	-9.8 	-16.2 	-10.8 	-12.1 	-10.6 	-5.3 	-14.8 	-12.2 	-27.2 	-6.5 	-23.5 	-10.3 	-11.7 	-21.5 	-10.4 	-19.6 	-5.8 	-16.9 	-23.3 	-10.3 	-16.2 	-25.3 	-23.5 	-4.8 	-8.1 	-9.0 	-18.5 	-13.0 	-8.4 	-5.7 	-6.9 	-20.5 	-18.5 	-18.1 	-13.2 	-21.4 	-16.7 	-24.2 	-15.5 	-23.0 	-20.0 	; ... 
21.3 	5.4 	3.1 	2.0 	5.8 	14.6 	5.9 	-0.0 	6.4 	24.5 	2.6 	3.2 	18.1 	-0.4 	9.4 	18.4 	13.6 	6.1 	32.9 	16.4 	9.3 	15.1 	22.1 	2.1 	30.5 	13.8 	9.8 	8.4 	11.9 	12.1 	10.9 	5.8 	-2.5 	8.2 	13.4 	21.0 	14.8 	4.6 	15.5 	9.5 	9.5 	-2.9 	-9.9 	16.0 	20.5 	14.4 	7.8 	10.2 	3.4 	12.8 	; ... 
3.8 	11.4 	-7.5 	8.3 	-19.2 	-4.3 	-0.4 	-0.2 	4.7 	-3.5 	-1.9 	-1.5 	-5.3 	-3.5 	2.5 	4.4 	12.1 	1.7 	-0.1 	-1.6 	-4.2 	-4.3 	4.8 	-0.1 	-8.8 	-4.1 	-9.1 	5.8 	4.2 	-2.9 	-3.2 	-3.4 	-1.4 	0.1 	-4.1 	-1.9 	-1.1 	-2.8 	-1.5 	-10.2 	-0.9 	-12.7 	-0.1 	-1.7 	0.9 	4.6 	-11.4 	-2.6 	-7.0 	7.1 	; ... 
18.2 	1.6 	15.0 	12.8 	9.2 	21.2 	23.8 	15.5 	24.7 	22.7 	20.2 	14.8 	17.1 	18.1 	14.6 	9.8 	11.7 	16.6 	20.8 	17.1 	15.0 	7.6 	12.5 	5.7 	27.3 	23.7 	7.4 	7.9 	14.9 	22.3 	15.8 	-3.8 	13.7 	5.1 	7.0 	9.4 	1.4 	16.0 	19.7 	12.3 	11.6 	12.8 	26.9 	14.2 	6.6 	7.5 	15.2 	7.9 	0.8 	19.5 	; ... 
11.2 	2.2 	2.6 	17.7 	-1.4 	-2.1 	24.5 	15.9 	15.0 	8.0 	9.2 	12.4 	3.3 	5.1 	4.8 	5.6 	13.7 	10.4 	-0.8 	16.8 	14.5 	4.9 	13.5 	20.9 	-4.8 	9.5 	1.3 	7.9 	-1.0 	10.9 	18.8 	6.3 	9.6 	9.8 	11.7 	0.2 	16.1 	-4.6 	4.7 	10.7 	12.1 	13.3 	8.9 	13.4 	30.2 	8.7 	9.3 	11.3 	-8.1 	16.8 	; ... 
16.4 	8.5 	10.1 	11.8 	-5.1 	14.3 	7.9 	13.7 	25.5 	15.0 	12.3 	11.8 	12.5 	26.9 	20.5 	4.9 	16.7 	-3.1 	12.2 	11.9 	6.7 	3.7 	8.7 	-5.5 	5.4 	3.2 	15.7 	16.0 	9.3 	17.9 	3.6 	14.1 	25.7 	12.6 	9.1 	12.8 	16.4 	27.1 	12.9 	12.8 	6.4 	8.8 	15.4 	21.0 	11.6 	-10.0 	17.6 	18.4 	11.9 	23.1 	; ... 
15.3 	19.0 	-5.9 	13.0 	-4.6 	8.9 	-12.1 	-5.3 	7.8 	1.2 	1.1 	-7.0 	-0.4 	-2.8 	-9.0 	2.4 	-15.0 	-0.0 	-5.3 	3.2 	-0.3 	-9.4 	-1.5 	-1.8 	-4.4 	-5.9 	1.4 	-0.2 	2.7 	3.9 	-6.4 	5.4 	-15.8 	-13.9 	4.7 	8.1 	6.5 	-20.5 	-8.2 	-23.4 	2.5 	4.6 	-14.9 	-7.9 	8.1 	-0.2 	7.8 	1.4 	-8.1 	0.7 	; ... 
3.6 	8.2 	18.4 	2.9 	-3.8 	13.7 	10.1 	-8.8 	-2.2 	4.7 	12.6 	11.8 	9.3 	4.1 	22.5 	-6.7 	0.7 	7.3 	-3.5 	7.6 	-1.5 	11.0 	4.9 	14.0 	-0.2 	-4.0 	14.1 	-3.5 	-4.8 	-3.2 	5.1 	2.7 	9.5 	23.9 	7.9 	-1.3 	5.1 	4.2 	5.0 	11.7 	12.7 	5.7 	17.8 	-2.2 	19.4 	5.8 	-1.5 	24.7 	9.3 	0.8 	; ... 
-9.1 	-3.0 	5.5 	-3.0 	11.6 	6.9 	-24.6 	-12.6 	-11.8 	-5.5 	-16.8 	-9.3 	-4.9 	-6.2 	-8.9 	-7.3 	-12.9 	-11.0 	-16.3 	-8.6 	-15.8 	-4.5 	-1.7 	-4.7 	4.5 	1.4 	3.0 	-10.4 	1.8 	-3.9 	-5.1 	-19.8 	-14.3 	-22.1 	-13.5 	-1.8 	1.1 	-9.6 	-10.4 	-20.3 	-12.6 	-2.9 	-3.9 	-17.9 	-19.1 	-9.2 	-1.2 	-2.0 	-5.6 	2.1 	; ... 
-12.9 	7.6 	-5.6 	2.8 	-1.8 	0.8 	-17.3 	0.6 	0.5 	-16.2 	-7.4 	-2.2 	-2.3 	-10.9 	-8.4 	-12.3 	-7.3 	-13.1 	-7.6 	-10.3 	-11.2 	-9.2 	-5.5 	-6.0 	11.6 	1.3 	5.1 	-3.4 	-1.9 	3.9 	-0.2 	2.6 	-14.3 	2.8 	-6.4 	-6.6 	-10.6 	0.0 	-17.4 	8.2 	12.6 	-8.1 	-0.8 	-21.0 	-9.7 	14.6 	4.6 	-6.1 	4.3 	-9.8 	; ... 
-14.8 	-19.4 	-16.1 	-13.4 	-28.5 	-22.5 	-7.7 	-15.5 	-23.0 	-18.8 	-18.9 	-3.1 	-17.6 	-22.7 	-8.2 	-15.0 	-2.8 	-1.8 	-11.6 	-3.5 	-5.0 	-7.8 	-17.1 	0.7 	-20.7 	2.0 	-21.7 	-8.9 	-14.3 	-25.4 	-12.3 	-28.7 	-20.4 	-9.0 	-12.9 	-21.8 	-27.4 	-16.0 	-17.6 	-15.8 	-7.5 	2.3 	-3.9 	-15.0 	-4.7 	-14.8 	-21.3 	-16.9 	-23.3 	-7.8 	; ... 
-15.4 	-3.6 	-5.4 	-15.7 	-7.6 	-18.5 	-6.2 	-15.5 	-19.8 	-7.2 	-21.3 	-16.8 	-16.7 	-14.9 	-21.5 	-17.1 	-18.1 	-0.1 	-13.6 	-11.8 	-9.8 	-16.1 	-15.6 	-19.2 	2.8 	-19.6 	-11.9 	-23.7 	-17.5 	-11.1 	-13.7 	-9.2 	-23.1 	-14.1 	-17.5 	-2.4 	-23.0 	-8.4 	-9.3 	-17.2 	-20.6 	-24.1 	-10.8 	-9.6 	-20.8 	-9.9 	-14.9 	-18.4 	-10.5 	-18.2 	; ... 
3.3 	26.0 	11.4 	13.6 	5.8 	5.2 	11.8 	5.0 	2.0 	6.8 	-2.1 	21.7 	3.6 	2.5 	19.2 	7.9 	0.8 	17.0 	-0.3 	8.9 	1.9 	14.4 	6.2 	16.3 	-0.5 	-2.7 	17.0 	-2.4 	-4.1 	0.9 	3.5 	10.1 	7.7 	18.8 	17.1 	7.6 	5.2 	8.0 	5.9 	17.8 	-1.8 	10.6 	15.2 	8.2 	9.0 	22.0 	3.8 	15.4 	16.2 	-6.4 	; ... 
-17.0 	-19.2 	-15.9 	-20.9 	-14.1 	-7.5 	-41.9 	-11.0 	-26.3 	-27.6 	-12.2 	-23.8 	-19.5 	-18.3 	-8.0 	-20.2 	-18.6 	-27.9 	-11.5 	-22.6 	-21.2 	-13.4 	-16.0 	-24.4 	-7.6 	-19.2 	0.8 	-11.1 	-11.2 	-14.2 	-19.8 	-17.4 	-22.0 	-18.1 	-11.6 	-14.8 	-22.0 	2.3 	-20.1 	-23.6 	-15.0 	-16.0 	-7.0 	-20.0 	-38.6 	-28.2 	-18.7 	-17.8 	-13.3 	-20.1 	; ... 
-2.3 	-4.9 	-8.6 	-8.6 	-15.1 	-16.0 	8.4 	-7.4 	13.0 	-4.7 	-2.4 	-0.5 	1.5 	4.5 	2.5 	4.2 	2.1 	-1.7 	5.0 	-3.0 	0.7 	4.4 	-9.2 	2.1 	-3.3 	-6.1 	-12.1 	-4.9 	-5.2 	-9.3 	-3.0 	0.5 	5.0 	1.9 	-4.7 	-4.6 	-7.5 	1.7 	1.1 	-2.5 	1.4 	-8.1 	-1.5 	5.0 	-6.9 	7.6 	0.9 	2.3 	-6.4 	-4.6 	; ... 
-14.7 	-3.4 	-18.6 	-13.9 	-14.9 	-12.2 	-22.3 	-13.6 	-12.9 	-9.8 	-17.9 	-11.8 	-22.6 	-7.6 	-21.6 	-8.8 	-16.3 	-14.9 	-22.5 	-22.5 	-18.2 	-12.1 	-5.7 	-24.5 	-28.2 	-20.0 	-1.9 	-5.5 	-15.9 	-19.2 	-12.6 	0.8 	-10.1 	-24.7 	-11.3 	-15.1 	1.6 	-17.3 	-22.2 	-32.5 	-16.2 	-15.4 	-25.6 	0.4 	0.9 	-24.6 	-6.6 	-9.8 	-11.4 	-0.6 	; ... 
-2.4 	-34.1 	-22.2 	-21.1 	-30.5 	-16.5 	-11.6 	-19.1 	-6.4 	-9.5 	-14.7 	-9.1 	3.9 	-0.6 	-8.1 	-11.3 	-2.3 	-19.2 	-13.8 	-15.8 	-7.6 	-5.0 	-18.8 	-14.5 	-10.9 	-13.6 	-15.2 	-8.0 	-14.6 	-10.3 	-13.1 	-12.9 	4.4 	-12.4 	-15.8 	-9.8 	-12.0 	-23.6 	-14.4 	-6.0 	-4.1 	-14.7 	-18.8 	10.1 	-8.0 	-11.1 	-3.8 	-2.0 	-14.1 	-8.7 	; ... 
16.3 	20.2 	-8.5 	-0.9 	-10.2 	2.8 	16.1 	9.3 	10.0 	3.3 	16.1 	6.4 	10.7 	15.0 	0.2 	-1.8 	18.7 	7.8 	1.4 	-0.4 	20.0 	3.2 	8.7 	2.0 	8.6 	-10.8 	7.2 	14.3 	2.0 	3.4 	12.7 	18.7 	4.4 	14.8 	8.0 	6.8 	4.4 	5.6 	-4.7 	16.7 	20.8 	8.1 	-8.4 	9.1 	-1.7 	4.9 	5.7 	9.8 	15.2 	-2.0 	; ... 
