% data for spectrum analysis problem.

% code for plotting qmax and qmin.
% figure; hold on;
% for i = 1:n
%     plot([i,i],[qmax(i),qmin(i)],'o-');
% end
% axis([0,11,0,1]);

n = 10;
m = 250;
S = [...
   0.0000   0.0000   0.0011   0.0000   0.0000 ...
   0.0000   0.0000   0.0000   0.0000   0.0000 ...
   ;
   0.0000   0.0000   0.0014   0.0000   0.0000 ...
   0.0000   0.0000   0.0000   0.0001   0.0000 ...
   ;
   0.0000   0.0000   0.0019   0.0000   0.0000 ...
   0.0000   0.0000   0.0000   0.0001   0.0000 ...
   ;
   0.0000   0.0000   0.0024   0.0000   0.0000 ...
   0.0000   0.0000   0.0000   0.0002   0.0000 ...
   ;
   0.0000   0.0000   0.0031   0.0000   0.0000 ...
   0.0000   0.0000   0.0000   0.0003   0.0000 ...
   ;
   0.0000   0.0000   0.0040   0.0000   0.0000 ...
   0.0000   0.0000   0.0000   0.0005   0.0000 ...
   ;
   0.0000   0.0000   0.0052   0.0000   0.0000 ...
   0.0000   0.0000   0.0000   0.0007   0.0000 ...
   ;
   0.0000   0.0000   0.0066   0.0000   0.0000 ...
   0.0000   0.0000   0.0000   0.0011   0.0000 ...
   ;
   0.0000   0.0000   0.0085   0.0000   0.0000 ...
   0.0000   0.0000   0.0000   0.0016   0.0000 ...
   ;
   0.0000   0.0000   0.0108   0.0000   0.0000 ...
   0.0000   0.0000   0.0001   0.0024   0.0000 ...
   ;
   0.0000   0.0000   0.0140   0.0000   0.0000 ...
   0.0000   0.0000   0.0001   0.0035   0.0000 ...
   ;
   0.0000   0.0000   0.0182   0.0000   0.0000 ...
   0.0000   0.0000   0.0002   0.0050   0.0000 ...
   ;
   0.0000   0.0000   0.0240   0.0000   0.0000 ...
   0.0000   0.0000   0.0003   0.0071   0.0000 ...
   ;
   0.0000   0.0000   0.0319   0.0000   0.0000 ...
   0.0000   0.0000   0.0004   0.0099   0.0000 ...
   ;
   0.0000   0.0000   0.0429   0.0000   0.0000 ...
   0.0000   0.0000   0.0007   0.0136   0.0000 ...
   ;
   0.0000   0.0000   0.0581   0.0000   0.0000 ...
   0.0000   0.0000   0.0011   0.0184   0.0000 ...
   ;
   0.0000   0.0000   0.0790   0.0000   0.0000 ...
   0.0000   0.0000   0.0016   0.0246   0.0000 ...
   ;
   0.0000   0.0000   0.1072   0.0000   0.0000 ...
   0.0000   0.0000   0.0024   0.0325   0.0000 ...
   ;
   0.0000   0.0000   0.1442   0.0000   0.0000 ...
   0.0000   0.0000   0.0036   0.0423   0.0000 ...
   ;
   0.0000   0.0000   0.1917   0.0000   0.0000 ...
   0.0000   0.0000   0.0052   0.0544   0.0000 ...
   ;
   0.0000   0.0000   0.2505   0.0000   0.0000 ...
   0.0000   0.0000   0.0074   0.0689   0.0000 ...
   ;
   0.0000   0.0000   0.3207   0.0000   0.0000 ...
   0.0000   0.0000   0.0105   0.0862   0.0000 ...
   ;
   0.0000   0.0000   0.4014   0.0000   0.0000 ...
   0.0000   0.0000   0.0144   0.1064   0.0000 ...
   ;
   0.0000   0.0000   0.4900   0.0000   0.0000 ...
   0.0000   0.0000   0.0196   0.1295   0.0000 ...
   ;
   0.0000   0.0000   0.5826   0.0000   0.0000 ...
   0.0000   0.0000   0.0262   0.1555   0.0000 ...
   ;
   0.0000   0.0000   0.6740   0.0000   0.0000 ...
   0.0000   0.0000   0.0345   0.1843   0.0000 ...
   ;
   0.0000   0.0000   0.7585   0.0000   0.0000 ...
   0.0000   0.0000   0.0447   0.2154   0.0000 ...
   ;
   0.0000   0.0000   0.8301   0.0000   0.0000 ...
   0.0000   0.0000   0.0569   0.2485   0.0000 ...
   ;
   0.0000   0.0000   0.8836   0.0000   0.0000 ...
   0.0000   0.0000   0.0713   0.2828   0.0000 ...
   ;
   0.0000   0.0000   0.9156   0.0000   0.0000 ...
   0.0000   0.0000   0.0880   0.3176   0.0000 ...
   ;
   0.0000   0.0000   0.9246   0.0001   0.0000 ...
   0.0000   0.0000   0.1067   0.3518   0.0000 ...
   ;
   0.0000   0.0000   0.9112   0.0005   0.0000 ...
   0.0000   0.0000   0.1274   0.3845   0.0000 ...
   ;
   0.0000   0.0000   0.8785   0.0016   0.0000 ...
   0.0000   0.0000   0.1496   0.4147   0.0000 ...
   ;
   0.0000   0.0000   0.8311   0.0046   0.0000 ...
   0.0000   0.0000   0.1729   0.4413   0.0000 ...
   ;
   0.0000   0.0000   0.7742   0.0122   0.0000 ...
   0.0000   0.0000   0.1966   0.4633   0.0000 ...
   ;
   0.0000   0.0000   0.7135   0.0290   0.0000 ...
   0.0000   0.0000   0.2200   0.4799   0.0000 ...
   ;
   0.0000   0.0000   0.6539   0.0620   0.0000 ...
   0.0000   0.0000   0.2422   0.4905   0.0000 ...
   ;
   0.0000   0.0000   0.5992   0.1192   0.0000 ...
   0.0001   0.0000   0.2623   0.4948   0.0000 ...
   ;
   0.0000   0.0000   0.5517   0.2062   0.0000 ...
   0.0002   0.0000   0.2795   0.4925   0.0000 ...
   ;
   0.0000   0.0000   0.5125   0.3203   0.0000 ...
   0.0003   0.0000   0.2931   0.4838   0.0000 ...
   ;
   0.0000   0.0000   0.4814   0.4473   0.0000 ...
   0.0005   0.0000   0.3024   0.4692   0.0000 ...
   ;
   0.0000   0.0000   0.4575   0.5614   0.0000 ...
   0.0009   0.0000   0.3070   0.4491   0.0000 ...
   ;
   0.0000   0.0000   0.4391   0.6333   0.0000 ...
   0.0015   0.0000   0.3066   0.4246   0.0000 ...
   ;
   0.0000   0.0000   0.4248   0.6420   0.0000 ...
   0.0026   0.0000   0.3013   0.3965   0.0000 ...
   ;
   0.0000   0.0000   0.4128   0.5849   0.0000 ...
   0.0041   0.0000   0.2914   0.3659   0.0000 ...
   ;
   0.0000   0.0000   0.4020   0.4789   0.0000 ...
   0.0066   0.0000   0.2772   0.3341   0.0001 ...
   ;
   0.0000   0.0000   0.3912   0.3524   0.0000 ...
   0.0103   0.0000   0.2595   0.3020   0.0001 ...
   ;
   0.0000   0.0000   0.3798   0.2331   0.0000 ...
   0.0157   0.0000   0.2390   0.2708   0.0001 ...
   ;
   0.0000   0.0000   0.3672   0.1385   0.0000 ...
   0.0235   0.0000   0.2166   0.2413   0.0001 ...
   ;
   0.0000   0.0000   0.3533   0.0740   0.0000 ...
   0.0343   0.0000   0.1932   0.2143   0.0002 ...
   ;
   0.0000   0.0000   0.3381   0.0355   0.0000 ...
   0.0492   0.0000   0.1695   0.1905   0.0003 ...
   ;
   0.0000   0.0000   0.3217   0.0153   0.0000 ...
   0.0691   0.0000   0.1463   0.1704   0.0004 ...
   ;
   0.0000   0.0000   0.3041   0.0059   0.0000 ...
   0.0949   0.0000   0.1243   0.1542   0.0006 ...
   ;
   0.0000   0.0000   0.2858   0.0021   0.0000 ...
   0.1278   0.0000   0.1038   0.1422   0.0008 ...
   ;
   0.0000   0.0000   0.2668   0.0006   0.0000 ...
   0.1684   0.0000   0.0854   0.1344   0.0012 ...
   ;
   0.0000   0.0000   0.2475   0.0002   0.0000 ...
   0.2173   0.0000   0.0691   0.1308   0.0017 ...
   ;
   0.0000   0.0000   0.2282   0.0000   0.0000 ...
   0.2745   0.0000   0.0550   0.1312   0.0024 ...
   ;
   0.0000   0.0000   0.2090   0.0000   0.0000 ...
   0.3397   0.0000   0.0431   0.1355   0.0033 ...
   ;
   0.0000   0.0000   0.1902   0.0000   0.0000 ...
   0.4116   0.0000   0.0332   0.1434   0.0047 ...
   ;
   0.0001   0.0000   0.1720   0.0000   0.0000 ...
   0.4884   0.0000   0.0252   0.1547   0.0067 ...
   ;
   0.0001   0.0000   0.1545   0.0000   0.0000 ...
   0.5674   0.0000   0.0188   0.1691   0.0094 ...
   ;
   0.0001   0.0000   0.1379   0.0000   0.0000 ...
   0.6456   0.0000   0.0138   0.1863   0.0131 ...
   ;
   0.0002   0.0000   0.1223   0.0000   0.0000 ...
   0.7193   0.0000   0.0100   0.2059   0.0183 ...
   ;
   0.0003   0.0000   0.1078   0.0000   0.0000 ...
   0.7847   0.0000   0.0071   0.2278   0.0254 ...
   ;
   0.0004   0.0000   0.0944   0.0000   0.0000 ...
   0.8383   0.0000   0.0049   0.2516   0.0350 ...
   ;
   0.0006   0.0000   0.0821   0.0000   0.0000 ...
   0.8769   0.0000   0.0034   0.2768   0.0477 ...
   ;
   0.0009   0.0000   0.0710   0.0000   0.0000 ...
   0.8983   0.0000   0.0023   0.3032   0.0644 ...
   ;
   0.0013   0.0000   0.0610   0.0000   0.0000 ...
   0.9011   0.0000   0.0015   0.3304   0.0859 ...
   ;
   0.0018   0.0000   0.0520   0.0000   0.0000 ...
   0.8851   0.0000   0.0010   0.3579   0.1132 ...
   ;
   0.0026   0.0000   0.0441   0.0000   0.0000 ...
   0.8514   0.0000   0.0006   0.3854   0.1472 ...
   ;
   0.0036   0.0000   0.0372   0.0000   0.0000 ...
   0.8019   0.0000   0.0004   0.4123   0.1888 ...
   ;
   0.0049   0.0000   0.0311   0.0000   0.0000 ...
   0.7396   0.0000   0.0003   0.4384   0.2387 ...
   ;
   0.0067   0.0000   0.0259   0.0000   0.0000 ...
   0.6680   0.0000   0.0002   0.4630   0.2974 ...
   ;
   0.0091   0.0000   0.0214   0.0000   0.0000 ...
   0.5908   0.0000   0.0001   0.4859   0.3650 ...
   ;
