m = 6;
Tp = 96; % This is the profile length.
T = 168;
K = 21;
cmax = 5; cmin = 3.5;
tau = [1 7 16 25 31 40 49 55 64 73 79 88 97 103 112 121 127 136 145 151 160];
% The time release profiles are stored in the following matrix P.
% The ith row of P corresponds to profile i. Hence, P has Tp columns.
P = [
	0.000000000000000 0.000000000000000 0.000000000000000 0.000000000000000 0.000000000000000 0.000000000000000 ;
	0.081786575572336 0.061513109818149 0.036101998017372 0.017252509352868 0.009439125869264 0.006880482579211 ;
	0.111846608960389 0.089206033591979 0.057818295592718 0.029735875992448 0.016925313551972 0.012467003721691 ;
	0.116205901557865 0.097889400434286 0.069577864798131 0.038470836119689 0.022773734187089 0.016956167637195 ;
	0.108660575308135 0.096311273109074 0.074564200264254 0.044278229908899 0.027252741393166 0.020516394972514 ;
	0.096383265394388 0.089579326703735 0.075051714764497 0.047816651381917 0.030590589762092 0.023291887483947 ;
	0.082983857290056 0.080624229769109 0.072653054141476 0.049613138875078 0.032981204189205 0.025406038564027 ;
	0.070176149663256 0.071082383425416 0.068500683346059 0.050088180438430 0.034589133151987 0.026964366903183 ;
	0.058681808738789 0.061827240938515 0.063380006276524 0.049576076288819 0.035553800447084 0.028057039797909 ;
	0.048717684289653 0.053288119793405 0.057826776317869 0.048341510430543 0.035993153888363 0.028761043348179 ;
	0.040256062035275 0.045640660736295 0.052198220915424 0.046593028096993 0.036006795695051 0.029142048809333 ;
	0.033161604638316 0.038919891743128 0.046724837740610 0.044493988481573 0.035678667447552 0.029256017497471 ;
	0.027261685382112 0.033086733349713 0.041547996576904 0.042171458181761 0.035079352291229 0.029150580737907 ;
	0.022381040899710 0.028066588578115 0.036747133031841 0.039723425673595 0.034268048294618 0.028866226259952 ;
	0.018357557291311 0.023771274525424 0.032359323958143 0.037224647524853 0.033294259319779 0.028437318063786 ;
	0.015048287834190 0.020111080658242 0.028393298527138 0.034731380127877 0.032199243267888 0.027892973017466 ;
	0.012330589296289 0.017001033114691 0.024839395490324 0.032285204182402 0.031017251975789 0.027257814199478 ;
	0.010100971961872 0.014363808834125 0.021676576139746 0.029916111098548 0.029776592232392 0.026552618211347 ;
	0.008273016414241 0.012130756117795 0.018877306717485 0.027644989376214 0.028500533248809 0.025794871282843 ;
	0.006775041364585 0.010241883456126 0.016410906061397 0.025485623585882 0.027208082359072 0.024999246925082 ;
	0.005547850358928 0.008645321096446 0.014245793785719 0.023446297793165 0.025914647668651 0.024178016107582 ;
	0.004542698216417 0.007296545928115 0.012350956248042 0.021531078288901 0.024632603736276 0.023341399404160 ;
	0.003719522517312 0.006157532934863 0.010696860830586 0.019740836615806 0.023371774111160 0.022497869234651 ;
	0.003045438826024 0.005195921267733 0.009255985443789 0.018074062554822 0.022139842601040 0.021654409195340 ;
	0.002493477488504 0.004384239096951 0.008003083568705 0.016527507485723 0.020942703472473 0.020816736494851 ;
	0.002041532288995 0.003699206223253 0.006915271102954 0.015096690987887 0.019784759345254 0.019989492672278 ;
	0.001671490287105 0.003121119377919 0.005971996448289 0.013776297387987 0.018669174305137 0.019176407051377 ;
	0.001368514232080 0.002633317647438 0.005154937229623 0.012560483937907 0.017598088694828 0.018380436762545 ;
	0.001120452223317 0.002221721782023 0.004447853960868 0.011443118210613 0.016572801128378 0.017603886628903 ;
	0.000917352828148 0.001874439649676 0.003836421541785 0.010417958964326 0.015593922487721 0.016848511752066 ;
	0.000751067241474 0.001581429807258 0.003308052702561 0.009478792007046 0.014661505984161 0.016115605236724 ;
	0.000614923093832 0.001334215505303 0.002851722688031 0.008619530380867 0.013775156786752 0.015406073151964 ;
	0.000503457131302 0.001125642092671 0.002457801061564 0.007834286385540 0.012934124220337 0.014720498533671 ;
	0.000412196211423 0.000949671552055 0.002117894120865 0.007117421497642 0.012137379107206 0.014059195979750 ;
	0.000337477920492 0.000801208674432 0.001824699769324 0.006463579053291 0.011383678457879 0.013422258172498 ;
	0.000276303664991 0.000675954115975 0.001571875568810 0.005867703598006 0.010671619400148 0.012809595475459 ;
	0.000226218369731 0.000570280249875 0.001353919960862 0.005325050025560 0.009999683963758 0.012220969591137 ;
	0.000185211970245 0.000481126319263 0.001166066172587 0.004831184994682 0.009366276104836 0.011656022127512 ;
	0.000151638754556 0.000405909916125 0.001004188040870 0.004381982600620 0.008769752153915 0.011114298802162 ;
	0.000124151321965 0.000342452259588 0.000864716835979 0.003973615865260 0.008208445699524 0.010595269910350 ;
	0.000101646510954 0.000288915131816 0.000744568101519 0.003602545276345 0.007680687771914 0.010098347595239 ;
	0.000083221127548 0.000243747658483 0.000641077522311 0.003265505338331 0.007184823064954 0.009622900382597 ;
	0.000068135698124 0.000205641400491 0.000551944864030 0.002959489882203 0.006719222825848 0.009168265377117 ;
	0.000055784792367 0.000173492461073 0.000475185083504 0.002681736709330 0.006282294949316 0.008733758461374 ;
	0.000045672725575 0.000146369513642 0.000409085776258 0.002429712006849 0.005872491733259 0.008318682790189 ;
	0.000037393665285 0.000123486826041 0.000352170201068 0.002201094862636 0.005488315684674 0.007922335831699 ;
	0.000030615343893 0.000104181500851 0.000303165195481 0.001993762121159 0.005128323706202 0.007544015170722 ;
	0.000025065723646 0.000087894273121 0.000260973368250 0.001805773753113 0.004791129943653 0.007183023259358 ;
	0.000020522078843 0.000074153309641 0.000224649022769 0.001635358858039 0.004475407532157 0.006838671273394 ;
	0.000016802057091 0.000062560540700 0.000193377328700 0.001480902377330 0.004179889441961 0.006510282210389 ;
	0.000013756360870 0.000052780128505 0.000166456316687 0.001340932562704 0.003903368593747 0.006197193345866 ;
	0.000011262755702 0.000044528738289 0.000143281323184 0.001214109220510 0.003644697386611 0.005898758147282 ;
	0.000009221164462 0.000037567330340 0.000123331559100 0.001099212733571 0.003402786759156 0.005614347731044 ;
	0.000007549650926 0.000031694235176 0.000106158517565 0.000995133848414 0.003176604884735 0.005343351935533 ;
	0.000006181131390 0.000026739311297 0.000091375972861 0.000900864205690 0.002965175585371 0.005085180072422 ;
	0.000005060682358 0.000022559016277 0.000078651354989 0.000815487584501 0.002767576534866 0.004839261409524 ;
	0.000004143336279 0.000019032248400 0.000067698312775 0.000738171826650 0.002582937309633 0.004605045430543 ;
	0.000003392276832 0.000016056838398 0.000058270303305 0.000668161403888 0.002410437335683 0.004382001910401 ;
	0.000002777361365 0.000013546589648 0.000050155067213 0.000604770589732 0.002249303771618 0.004169620839078 ;
	0.000002273911162 0.000011428781087 0.000043169868269 0.000547377196932 0.002098809360185 0.003967412221913 ;
	0.000001861720998 0.000009642060509 0.000037157392157 0.000495416842019 0.001958270274854 0.003774905780146 ;
	0.000001524248235 0.000008134667217 0.000031982213645 0.000448377699265 0.001827043982653 0.003591650571799 ;
	0.000001247948905 0.000006862932529 0.000027527753714 0.000405795707690 0.001704527140210 0.003417214549923 ;
	0.000001021734147 0.000005790014715 0.000023693658950 0.000367250196387 0.001590153536222 0.003251184072551 ;
	0.000000836525168 0.000004884831704 0.000020393544794 0.000332359895196 0.001483392090587 0.003093163376461 ;
	0.000000684888881 0.000004121160645 0.000017553052278 0.000300779299683 0.001383744917829 0.002942774024869 ;
	0.000000560739589 0.000003476878240 0.000015108174791 0.000272195361278 0.001290745460378 0.002799654337530 ;
	0.000000459094746 0.000002933319843 0.000013003817438 0.000246324475414 0.001203956695468 0.002663458810316 ;
	0.000000375874987 0.000002474738747 0.000011192556724 0.000222909742371 0.001122969418010 0.002533857530112 ;
