import numpy as np

n = 20
nb = 6
nh = 7
ns = 7
L = 10
sigma = .1
Sigma = np.array([[ 0.03677,  0.0014 ,  0.00451, -0.00536,  0.00623,  0.00569,
         0.00049,  0.00294, -0.0074 , -0.00376, -0.00334, -0.00289,
         0.00518, -0.00159,  0.00227,  0.00299, -0.00202,  0.00235,
        -0.00613,  0.00177],
       [ 0.0014 ,  0.04501, -0.00135, -0.00682, -0.00312, -0.00969,
        -0.00171, -0.00141,  0.00268,  0.00416,  0.00275, -0.0061 ,
         0.00508, -0.00357,  0.00204,  0.00472, -0.00168,  0.00936,
        -0.00335,  0.00024],
       [ 0.00451, -0.00135,  0.04332, -0.00034,  0.00086, -0.00023,
        -0.01058,  0.01264, -0.00154, -0.00427,  0.00357, -0.01611,
        -0.00508, -0.00663,  0.00356, -0.001  , -0.00667,  0.00686,
        -0.00156,  0.00916],
       [-0.00536, -0.00682, -0.00034,  0.03838, -0.00284,  0.00117,
        -0.00116,  0.00641, -0.00521, -0.00222,  0.00451, -0.00057,
        -0.00018,  0.00037, -0.00293, -0.00343,  0.00382, -0.00033,
         0.00731, -0.00315],
       [ 0.00623, -0.00312,  0.00086, -0.00284,  0.05031, -0.0027 ,
        -0.00635, -0.0039 , -0.00275, -0.00117, -0.00392, -0.0022 ,
        -0.00801, -0.00375,  0.00315,  0.00179,  0.00035, -0.00347,
         0.00111,  0.00071],
       [ 0.00569, -0.00969, -0.00023,  0.00117, -0.0027 ,  0.03314,
         0.00244,  0.00375,  0.00565, -0.00899,  0.00283,  0.00552,
         0.00679, -0.00339,  0.01078, -0.00031, -0.00661, -0.01161,
         0.00172,  0.00052],
       [ 0.00049, -0.00171, -0.01058, -0.00116, -0.00635,  0.00244,
         0.03864, -0.00532, -0.00975, -0.00048, -0.00337,  0.00505,
        -0.00018, -0.00566, -0.00301,  0.00319, -0.00375, -0.00692,
         0.00879,  0.00936],
       [ 0.00294, -0.00141,  0.01264,  0.00641, -0.0039 ,  0.00375,
        -0.00532,  0.0475 , -0.0095 ,  0.00045, -0.00152, -0.01084,
        -0.00133,  0.00227,  0.00284, -0.00019, -0.00725,  0.00039,
        -0.00167, -0.00321],
       [-0.0074 ,  0.00268, -0.00154, -0.00521, -0.00275,  0.00565,
        -0.00975, -0.0095 ,  0.04791,  0.0051 ,  0.00481,  0.00148,
        -0.00083, -0.0079 , -0.00159, -0.0062 ,  0.00364, -0.00094,
        -0.00987,  0.00938],
       [-0.00376,  0.00416, -0.00427, -0.00222, -0.00117, -0.00899,
        -0.00048,  0.00045,  0.0051 ,  0.0636 , -0.00077,  0.00041,
        -0.00102,  0.00236,  0.00437,  0.00156, -0.00591, -0.00456,
         0.00385,  0.00377],
       [-0.00334,  0.00275,  0.00357,  0.00451, -0.00392,  0.00283,
        -0.00337, -0.00152,  0.00481, -0.00077,  0.03817,  0.00585,
         0.00675, -0.00217, -0.00645, -0.00503, -0.00606,  0.00267,
         0.00352, -0.004  ],
       [-0.00289, -0.0061 , -0.01611, -0.00057, -0.0022 ,  0.00552,
         0.00505, -0.01084,  0.00148,  0.00041,  0.00585,  0.04888,
        -0.00331, -0.00008, -0.00876,  0.00374,  0.00092, -0.00392,
        -0.00922, -0.00231],
       [ 0.00518,  0.00508, -0.00508, -0.00018, -0.00801,  0.00679,
        -0.00018, -0.00133, -0.00083, -0.00102,  0.00675, -0.00331,
         0.04461, -0.00526,  0.00937,  0.00094,  0.00186, -0.00245,
         0.00896, -0.00526],
       [-0.00159, -0.00357, -0.00663,  0.00037, -0.00375, -0.00339,
        -0.00566,  0.00227, -0.0079 ,  0.00236, -0.00217, -0.00008,
        -0.00526,  0.0508 ,  0.00499, -0.01025, -0.00105,  0.00855,
        -0.00899, -0.00652],
       [ 0.00227,  0.00204,  0.00356, -0.00293,  0.00315,  0.01078,
        -0.00301,  0.00284, -0.00159,  0.00437, -0.00645, -0.00876,
         0.00937,  0.00499,  0.03687, -0.00488, -0.00468, -0.0119 ,
         0.00303, -0.00127],
       [ 0.00299,  0.00472, -0.001  , -0.00343,  0.00179, -0.00031,
         0.00319, -0.00019, -0.0062 ,  0.00156, -0.00503,  0.00374,
         0.00094, -0.01025, -0.00488,  0.03542,  0.00883, -0.00517,
        -0.00245,  0.00161],
       [-0.00202, -0.00168, -0.00667,  0.00382,  0.00035, -0.00661,
        -0.00375, -0.00725,  0.00364, -0.00591, -0.00606,  0.00092,
         0.00186, -0.00105, -0.00468,  0.00883,  0.0442 , -0.00813,
        -0.00017,  0.00117],
       [ 0.00235,  0.00936,  0.00686, -0.00033, -0.00347, -0.01161,
        -0.00692,  0.00039, -0.00094, -0.00456,  0.00267, -0.00392,
        -0.00245,  0.00855, -0.0119 , -0.00517, -0.00813,  0.0403 ,
        -0.00357,  0.00253],
       [-0.00613, -0.00335, -0.00156,  0.00731,  0.00111,  0.00172,
         0.00879, -0.00167, -0.00987,  0.00385,  0.00352, -0.00922,
         0.00896, -0.00899,  0.00303, -0.00245, -0.00017, -0.00357,
         0.06799,  0.00577],
       [ 0.00177,  0.00024,  0.00916, -0.00315,  0.00071,  0.00052,
         0.00936, -0.00321,  0.00938,  0.00377, -0.004  , -0.00231,
        -0.00526, -0.00652, -0.00127,  0.00161,  0.00117,  0.00253,
         0.00577,  0.04131]])